$ANSIBLE_VAULT;1.1;AES256
30346161383763363932666238346463613961366239343535333630643138636139366431383364
3131373165626463366361363430333064653434643237340a653261316564373933376437346530
62353134313732636437386533383865623033313362643864386265616566383264366466623063
3032316634643865650a306330376133373033373535373631623631393261323239393931343230
37373530626332656662393435646661373466373661323430316233613132346566343339653530
33623533663332393530373535323434353063356466353366663261326561323437356238363362
37626139343739613164373738306162343664323733306563653839316565633837643432396631
63643139613164396334306131663962333239613761613365326233666635373063303263366235
65373032373831316334356231303066666638396138633261346533336335663534313465663632
33636562343232326437636361343538623838646535623732616138653465636132616232623839
61343466396533656638616261343163316339386234643230646530393235333964303838343134
30316163316533386331336662343536363031643265303838303233326531323865356639396237
32343035356338376439313835383739376238326665643763306330636637313238653663313630
37353737373762343730663035393366633238366235333637333830336637313030336433643161
65363062336138653334656336353962616363303238373931613161376633303462356431333032
39353835633534383562643463376435363036373163366365643764326137303035653930373131
65363965333565376236333762633130373563383433663632356261633431336664623539333533
37646630623831333462356661643833323839626436656364376638643739323137663837376336
34336435666362323039353166396263616535623962343238643339383238643032313331656162
39633733363962643238656138356566616531393833636661313233323536303833353261623561
37623833623631343433353364623762346633616464393963303361373132633964613164366262
35653838316637326535303633313639613332393931376535653737303235353861613062646665
38323739323630636265363730623138643234653566623332396536336630376437323861623537
30646437343336316137396463306134623732393866343064306435653539383136353231343863
63663138613035623138353835323461306163383939666365383837636436336563
